7.130437011718750000e+02 7.673616943359375000e+02
6.219036865234375000e+02 7.695252075195312500e+02
5.365629069010416288e+02 7.373947550455728788e+02
7.960136922200521212e+02 7.300725708007812500e+02
6.974757080078125000e+02 6.965917154947916288e+02
4.705473429361979356e+02 6.741080932617187500e+02
8.596436564127603788e+02 6.642806803385416288e+02
5.752936808268228788e+02 6.752085367838541288e+02
7.983389892578125000e+02 6.243914591471353788e+02
6.794373168945312500e+02 6.173103027343750000e+02
4.327554321289062500e+02 5.912878417968750000e+02
8.916542561848958712e+02 5.787212524414062500e+02
5.037615763346354356e+02 5.742391560872396212e+02
6.614358723958333712e+02 5.380807698567708712e+02
4.309113057454426894e+02 5.001078186035156250e+02
8.192830810546875000e+02 5.024803365071614394e+02
8.896541137695312500e+02 4.873318990071614394e+02
7.049423624674478788e+02 4.693646545410156250e+02
5.245974324544271212e+02 4.523340657552083144e+02
4.632430521647135606e+02 4.145985921223958144e+02
8.513418579101562500e+02 4.047307840983073106e+02
7.480173543294271212e+02 4.007989705403645644e+02
6.256022135416666288e+02 3.805462646484375000e+02
5.267558593750000000e+02 3.493840332031250000e+02
7.858904418945312500e+02 3.412731424967448106e+02
6.095420939127603788e+02 3.114756673177083144e+02
7.004332071940103788e+02 3.099935099283854356e+02
