-2.286956298828125114e+02 7.673616943359380116e+01 1.000000000000000000e+02
-2.378096313476562500e+02 7.695252075195317332e+01 1.000000000000000000e+02
-2.463437093098958428e+02 7.373947550455733335e+01 1.000000000000000000e+02
-2.203986307779947822e+02 7.300725708007817616e+01 1.000000000000000000e+02
-2.302524291992187386e+02 6.965917154947921119e+01 1.000000000000000000e+02
-2.529452657063802121e+02 6.741080932617191479e+01 1.000000000000000000e+02
-2.140356343587239394e+02 6.642806803385420267e+01 1.000000000000000000e+02
-2.424706319173177178e+02 6.752085367838546404e+01 1.000000000000000000e+02
-2.201661010742187443e+02 6.243914591471357767e+01 1.000000000000000000e+02
-2.320562683105468693e+02 6.173103027343753979e+01 1.000000000000000000e+02
-2.567244567871093750e+02 5.912878417968753553e+01 1.000000000000000000e+02
-2.108345743815104072e+02 5.787212524414066195e+01 1.000000000000000000e+02
-2.496238423665364508e+02 5.742391560872400191e+01 1.000000000000000000e+02
-2.338564127604166742e+02 5.380807698567712549e+01 1.000000000000000000e+02
-2.569088694254557481e+02 5.001078186035159945e+01 1.000000000000000000e+02
-2.180716918945312273e+02 5.024803365071618089e+01 1.000000000000000000e+02
-2.110345886230468864e+02 4.873318990071618373e+01 1.000000000000000000e+02
-2.295057637532552235e+02 4.693646545410160087e+01 1.000000000000000000e+02
-2.475402567545572765e+02 4.523340657552086697e+01 1.000000000000000000e+02
-2.536756947835286269e+02 4.145985921223962123e+01 1.000000000000000000e+02
-2.148658142089843750e+02 4.047307840983076943e+01 1.000000000000000000e+02
-2.251982645670572651e+02 4.007989705403649339e+01 1.000000000000000000e+02
-2.374397786458333428e+02 3.805462646484378553e+01 1.000000000000000000e+02
-2.473244140625000114e+02 3.493840332031253837e+01 1.000000000000000000e+02
-2.214109558105468523e+02 3.412731424967451943e+01 1.000000000000000000e+02
-2.390457906087239621e+02 3.114756673177086910e+01 1.000000000000000000e+02
-2.299566792805989621e+02 3.099935099283857909e+01 1.000000000000000000e+02
