7.130437011718754547e+01 6.767361694335937727e+02 2.000000000000000000e+02
6.219036865234378553e+01 6.769525207519531023e+02 2.000000000000000000e+02
5.365629069010419983e+01 6.737394755045572765e+02 2.000000000000000000e+02
7.960136922200526044e+01 6.730072570800781477e+02 2.000000000000000000e+02
6.974757080078128979e+01 6.696591715494791970e+02 2.000000000000000000e+02
4.705473429361983051e+01 6.674108093261718295e+02 2.000000000000000000e+02
8.596436564127608904e+01 6.664280680338541742e+02 2.000000000000000000e+02
5.752936808268232483e+01 6.675208536783853788e+02 2.000000000000000000e+02
7.983389892578129832e+01 6.624391459147135492e+02 2.000000000000000000e+02
6.794373168945317332e+01 6.617310302734374545e+02 2.000000000000000000e+02
4.327554321289066053e+01 6.591287841796875000e+02 2.000000000000000000e+02
8.916542561848963544e+01 6.578721252441406477e+02 2.000000000000000000e+02
5.037615763346358477e+01 6.574239156087239735e+02 2.000000000000000000e+02
6.614358723958338260e+01 6.538080769856770758e+02 2.000000000000000000e+02
4.309113057454430873e+01 6.500107818603515852e+02 2.000000000000000000e+02
8.192830810546880116e+01 6.502480336507161383e+02 2.000000000000000000e+02
8.896541137695317047e+01 6.487331899007161837e+02 2.000000000000000000e+02
7.049423624674483335e+01 6.469364654541016080e+02 2.000000000000000000e+02
5.245974324544275191e+01 6.452334065755208030e+02 2.000000000000000000e+02
4.632430521647139443e+01 6.414598592122396212e+02 2.000000000000000000e+02
8.513418579101566763e+01 6.404730784098306913e+02 2.000000000000000000e+02
7.480173543294276328e+01 6.400798970540364508e+02 2.000000000000000000e+02
6.256022135416669983e+01 6.380546264648437500e+02 2.000000000000000000e+02
5.267558593750003837e+01 6.349384033203125455e+02 2.000000000000000000e+02
7.858904418945317616e+01 6.341273142496744413e+02 2.000000000000000000e+02
6.095420939127607340e+01 6.311475667317707803e+02 2.000000000000000000e+02
7.004332071940108051e+01 6.309993509928385720e+02 2.000000000000000000e+02
