3.311119912525190898e+02 2.267361694335937159e+02 1.000000000000000000e+02
3.219979897876753512e+02 2.269525207519531023e+02 1.000000000000000000e+02
3.134639118254357868e+02 2.237394755045572765e+02 1.000000000000000000e+02
3.394089903573368474e+02 2.230072570800780909e+02 1.000000000000000000e+02
3.295551919361128625e+02 2.196591715494791401e+02 1.000000000000000000e+02
3.068623554289513891e+02 2.174108093261718295e+02 1.000000000000000000e+02
3.457719867766076618e+02 2.164280680338541174e+02 1.000000000000000000e+02
3.173369892180139118e+02 2.175208536783853788e+02 1.000000000000000000e+02
3.396415200611128284e+02 2.124391459147135208e+02 1.000000000000000000e+02
3.277513528247847034e+02 2.117310302734374829e+02 1.000000000000000000e+02
3.030831643482222262e+02 2.091287841796874716e+02 1.000000000000000000e+02
3.489730467538212224e+02 2.078721252441405909e+02 1.000000000000000000e+02
3.101837787687951504e+02 2.074239156087239451e+02 1.000000000000000000e+02
3.259512083749149269e+02 2.038080769856770758e+02 1.000000000000000000e+02
3.028987517098758531e+02 2.000107818603515284e+02 1.000000000000000000e+02
3.417359292408003739e+02 2.002480336507161098e+02 1.000000000000000000e+02
3.487730325122847148e+02 1.987331899007161269e+02 1.000000000000000000e+02
3.303018573820763777e+02 1.969364654541015511e+02 1.000000000000000000e+02
3.122673643807743247e+02 1.952334065755208030e+02 1.000000000000000000e+02
3.061319263518029743e+02 1.914598592122395644e+02 1.000000000000000000e+02
3.449418069263472262e+02 1.904730784098306913e+02 1.000000000000000000e+02
3.346093565682743360e+02 1.900798970540364223e+02 1.000000000000000000e+02
3.223678424894982868e+02 1.880546264648437216e+02 1.000000000000000000e+02
3.124832070728315898e+02 1.849384033203124886e+02 1.000000000000000000e+02
3.383966653247847489e+02 1.841273142496744413e+02 1.000000000000000000e+02
3.207618305266076391e+02 1.811475667317708087e+02 1.000000000000000000e+02
3.298509418547326391e+02 1.809993509928385151e+02 1.000000000000000000e+02
