-1.885032510181440557e+02 2.267361694335938864e+02 1.000000000000000000e+02
-1.976172524829877943e+02 2.269525207519532444e+02 1.000000000000000000e+02
-2.061513304452273871e+02 2.237394755045573902e+02 1.000000000000000000e+02
-1.802062519133263265e+02 2.230072570800782614e+02 1.000000000000000000e+02
-1.900600503345502830e+02 2.196591715494792822e+02 1.000000000000000000e+02
-2.127528868417117565e+02 2.174108093261720001e+02 1.000000000000000000e+02
-1.738432554940554837e+02 2.164280680338542879e+02 1.000000000000000000e+02
-2.022782530526492621e+02 2.175208536783855493e+02 1.000000000000000000e+02
-1.799737222095502887e+02 2.124391459147136629e+02 1.000000000000000000e+02
-1.918638894458784137e+02 2.117310302734376251e+02 1.000000000000000000e+02
-2.165320779224409193e+02 2.091287841796876137e+02 1.000000000000000000e+02
-1.706421955168419515e+02 2.078721252441407330e+02 1.000000000000000000e+02
-2.094314635018679951e+02 2.074239156087240872e+02 1.000000000000000000e+02
-1.936640338957482186e+02 2.038080769856771894e+02 1.000000000000000000e+02
-2.167164905607872640e+02 2.000107818603516705e+02 1.000000000000000000e+02
-1.778793130298627716e+02 2.002480336507162519e+02 1.000000000000000000e+02
-1.708422097583784307e+02 1.987331899007162690e+02 1.000000000000000000e+02
-1.893133848885867678e+02 1.969364654541016648e+02 1.000000000000000000e+02
-2.073478778898888208e+02 1.952334065755209451e+02 1.000000000000000000e+02
-2.134833159188601712e+02 1.914598592122397065e+02 1.000000000000000000e+02
-1.746734353443159193e+02 1.904730784098308618e+02 1.000000000000000000e+02
-1.850058857023888095e+02 1.900798970540365644e+02 1.000000000000000000e+02
-1.972473997811648871e+02 1.880546264648438637e+02 1.000000000000000000e+02
-2.071320351978315557e+02 1.849384033203126023e+02 1.000000000000000000e+02
-1.812185769458783966e+02 1.841273142496746118e+02 1.000000000000000000e+02
-1.988534117440555065e+02 1.811475667317709508e+02 1.000000000000000000e+02
-1.897643004159305065e+02 1.809993509928386572e+02 1.000000000000000000e+02
