5.909196123878507478e+02 3.767361694335937159e+02 2.000000000000000000e+02
5.818056109230069524e+02 3.769525207519531023e+02 2.000000000000000000e+02
5.732715329607673311e+02 3.737394755045572197e+02 2.000000000000000000e+02
5.992166114926684486e+02 3.730072570800780909e+02 2.000000000000000000e+02
5.893628130714444069e+02 3.696591715494790833e+02 2.000000000000000000e+02
5.666699765642830471e+02 3.674108093261718295e+02 2.000000000000000000e+02
6.055796079119392061e+02 3.664280680338541174e+02 2.000000000000000000e+02
5.771446103533454561e+02 3.675208536783853788e+02 2.000000000000000000e+02
5.994491411964444296e+02 3.624391459147134924e+02 2.000000000000000000e+02
5.875589739601163046e+02 3.617310302734374545e+02 2.000000000000000000e+02
5.628907854835538274e+02 3.591287841796874432e+02 2.000000000000000000e+02
6.087806678891528236e+02 3.578721252441405909e+02 2.000000000000000000e+02
5.699913999041267516e+02 3.574239156087239166e+02 2.000000000000000000e+02
5.857588295102465281e+02 3.538080769856770189e+02 2.000000000000000000e+02
5.627063728452075111e+02 3.500107818603515284e+02 2.000000000000000000e+02
6.015435503761319751e+02 3.502480336507160814e+02 2.000000000000000000e+02
6.085806536476163728e+02 3.487331899007160700e+02 2.000000000000000000e+02
5.901094785174079789e+02 3.469364654541014943e+02 2.000000000000000000e+02
5.720749855161059259e+02 3.452334065755208030e+02 2.000000000000000000e+02
5.659395474871345186e+02 3.414598592122395075e+02 2.000000000000000000e+02
6.047494280616788274e+02 3.404730784098306913e+02 2.000000000000000000e+02
5.944169777036058804e+02 3.400798970540363939e+02 2.000000000000000000e+02
5.821754636248298311e+02 3.380546264648436932e+02 2.000000000000000000e+02
5.722908282081632478e+02 3.349384033203124318e+02 2.000000000000000000e+02
5.982042864601163501e+02 3.341273142496744413e+02 2.000000000000000000e+02
5.805694516619391834e+02 3.311475667317707803e+02 2.000000000000000000e+02
5.896585629900641834e+02 3.309993509928384583e+02 2.000000000000000000e+02
