-4.483108721534758274e+02 -2.232638305664061136e+02 2.000000000000000000e+02
-4.574248736183195660e+02 -2.230474792480467556e+02 2.000000000000000000e+02
-4.659589515805591304e+02 -2.262605244954426098e+02 2.000000000000000000e+02
-4.400138730486580698e+02 -2.269927429199217386e+02 2.000000000000000000e+02
-4.498676714698820547e+02 -2.303408284505207178e+02 2.000000000000000000e+02
-4.725605079770435282e+02 -2.325891906738279999e+02 2.000000000000000000e+02
-4.336508766293872554e+02 -2.335719319661457121e+02 2.000000000000000000e+02
-4.620858741879810054e+02 -2.324791463216144507e+02 2.000000000000000000e+02
-4.397813433448820888e+02 -2.375608540852863371e+02 2.000000000000000000e+02
-4.516715105812102138e+02 -2.382689697265623749e+02 2.000000000000000000e+02
-4.763396990577726910e+02 -2.408712158203123863e+02 2.000000000000000000e+02
-4.304498166521736948e+02 -2.421278747558592670e+02 2.000000000000000000e+02
-4.692390846371997668e+02 -2.425760843912759128e+02 2.000000000000000000e+02
-4.534716550310799903e+02 -2.461919230143228106e+02 2.000000000000000000e+02
-4.765241116961190642e+02 -2.499892181396483295e+02 2.000000000000000000e+02
-4.376869341651945433e+02 -2.497519663492837481e+02 2.000000000000000000e+02
-4.306498308937102024e+02 -2.512668100992837310e+02 2.000000000000000000e+02
-4.491210060239185395e+02 -2.530635345458983352e+02 2.000000000000000000e+02
-4.671554990252205926e+02 -2.547665934244790549e+02 2.000000000000000000e+02
-4.732909370541919429e+02 -2.585401407877603219e+02 2.000000000000000000e+02
-4.344810564796476910e+02 -2.595269215901691382e+02 2.000000000000000000e+02
-4.448135068377205812e+02 -2.599201029459634356e+02 2.000000000000000000e+02
-4.570550209164966304e+02 -2.619453735351561363e+02 2.000000000000000000e+02
-4.669396563331633274e+02 -2.650615966796873977e+02 2.000000000000000000e+02
-4.410261980812101683e+02 -2.658726857503253882e+02 2.000000000000000000e+02
-4.586610328793872782e+02 -2.688524332682290492e+02 2.000000000000000000e+02
-4.495719215512622782e+02 -2.690006490071613143e+02 2.000000000000000000e+02
