7.130437011718738916e+01 -5.232638305664062273e+02 2.000000000000000000e+02
6.219036865234363631e+01 -5.230474792480468977e+02 2.000000000000000000e+02
5.365629069010405061e+01 -5.262605244954427235e+02 2.000000000000000000e+02
7.960136922200510412e+01 -5.269927429199218523e+02 2.000000000000000000e+02
6.974757080078113347e+01 -5.303408284505208030e+02 2.000000000000000000e+02
4.705473429361968130e+01 -5.325891906738281705e+02 2.000000000000000000e+02
8.596436564127593272e+01 -5.335719319661458258e+02 2.000000000000000000e+02
5.752936808268217561e+01 -5.324791463216146212e+02 2.000000000000000000e+02
7.983389892578114200e+01 -5.375608540852864508e+02 2.000000000000000000e+02
6.794373168945301700e+01 -5.382689697265625455e+02 2.000000000000000000e+02
4.327554321289051131e+01 -5.408712158203125000e+02 2.000000000000000000e+02
8.916542561848947912e+01 -5.421278747558593523e+02 2.000000000000000000e+02
5.037615763346343556e+01 -5.425760843912760265e+02 2.000000000000000000e+02
6.614358723958322628e+01 -5.461919230143229242e+02 2.000000000000000000e+02
4.309113057454415951e+01 -5.499892181396484148e+02 2.000000000000000000e+02
8.192830810546864484e+01 -5.497519663492838617e+02 2.000000000000000000e+02
8.896541137695301416e+01 -5.512668100992838163e+02 2.000000000000000000e+02
7.049423624674467703e+01 -5.530635345458983920e+02 2.000000000000000000e+02
5.245974324544260270e+01 -5.547665934244791970e+02 2.000000000000000000e+02
4.632430521647124522e+01 -5.585401407877603788e+02 2.000000000000000000e+02
8.513418579101551131e+01 -5.595269215901693087e+02 2.000000000000000000e+02
7.480173543294260696e+01 -5.599201029459635492e+02 2.000000000000000000e+02
6.256022135416655061e+01 -5.619453735351562500e+02 2.000000000000000000e+02
5.267558593749988916e+01 -5.650615966796874545e+02 2.000000000000000000e+02
7.858904418945301984e+01 -5.658726857503255587e+02 2.000000000000000000e+02
6.095420939127592419e+01 -5.688524332682292197e+02 2.000000000000000000e+02
7.004332071940092419e+01 -5.690006490071614280e+02 2.000000000000000000e+02
