2.213043701171875455e+02 3.365437905689253739e+02 1.000000000000000000e+02
2.121903686523437784e+02 3.367601418872847034e+02 1.000000000000000000e+02
2.036562906901041856e+02 3.335470966398888777e+02 1.000000000000000000e+02
2.296013692220052462e+02 3.328148782154097489e+02 1.000000000000000000e+02
2.197475708007812614e+02 3.294667926848107982e+02 1.000000000000000000e+02
1.970547342936198163e+02 3.272184304615034875e+02 1.000000000000000000e+02
2.359643656412760606e+02 3.262356891691857754e+02 1.000000000000000000e+02
2.075293680826823106e+02 3.273284748137170368e+02 1.000000000000000000e+02
2.298338989257812841e+02 3.222467670500451504e+02 1.000000000000000000e+02
2.179437316894531591e+02 3.215386514087691125e+02 1.000000000000000000e+02
1.932755432128906534e+02 3.189364053150191012e+02 1.000000000000000000e+02
2.391654256184896212e+02 3.176797463794722489e+02 1.000000000000000000e+02
2.003761576334635777e+02 3.172315367440555747e+02 1.000000000000000000e+02
2.161435872395833826e+02 3.136156981210086769e+02 1.000000000000000000e+02
1.930911305745443087e+02 3.098184029956831864e+02 1.000000000000000000e+02
2.319283081054687727e+02 3.100556547860477394e+02 1.000000000000000000e+02
2.389654113769531705e+02 3.085408110360477281e+02 1.000000000000000000e+02
2.204942362467448334e+02 3.067440865894331523e+02 1.000000000000000000e+02
2.024597432454427519e+02 3.050410277108524042e+02 1.000000000000000000e+02
1.963243052164713731e+02 3.012674803475711656e+02 1.000000000000000000e+02
2.351341857910156534e+02 3.002806995451623493e+02 1.000000000000000000e+02
2.248017354329427349e+02 2.998875181893680519e+02 1.000000000000000000e+02
2.125602213541666856e+02 2.978622476001753512e+02 1.000000000000000000e+02
2.026755859375000455e+02 2.947460244556440898e+02 1.000000000000000000e+02
2.285890441894531477e+02 2.939349353850060993e+02 1.000000000000000000e+02
2.109542093912760663e+02 2.909551878671024383e+02 1.000000000000000000e+02
2.200433207194010663e+02 2.908069721281701732e+02 1.000000000000000000e+02
