-4.483108721534756000e+02 3.767361694335940001e+02 2.000000000000000000e+02
-4.574248736183193387e+02 3.769525207519533296e+02 2.000000000000000000e+02
-4.659589515805589031e+02 3.737394755045575039e+02 2.000000000000000000e+02
-4.400138730486578424e+02 3.730072570800783751e+02 2.000000000000000000e+02
-4.498676714698818273e+02 3.696591715494794244e+02 2.000000000000000000e+02
-4.725605079770433008e+02 3.674108093261721137e+02 2.000000000000000000e+02
-4.336508766293870281e+02 3.664280680338544016e+02 2.000000000000000000e+02
-4.620858741879807781e+02 3.675208536783856630e+02 2.000000000000000000e+02
-4.397813433448818614e+02 3.624391459147137766e+02 2.000000000000000000e+02
-4.516715105812099864e+02 3.617310302734377387e+02 2.000000000000000000e+02
-4.763396990577724637e+02 3.591287841796877274e+02 2.000000000000000000e+02
-4.304498166521734674e+02 3.578721252441408751e+02 2.000000000000000000e+02
-4.692390846371995394e+02 3.574239156087242009e+02 2.000000000000000000e+02
-4.534716550310797629e+02 3.538080769856773031e+02 2.000000000000000000e+02
-4.765241116961188368e+02 3.500107818603518126e+02 2.000000000000000000e+02
-4.376869341651943159e+02 3.502480336507163656e+02 2.000000000000000000e+02
-4.306498308937099750e+02 3.487331899007163543e+02 2.000000000000000000e+02
-4.491210060239183122e+02 3.469364654541017785e+02 2.000000000000000000e+02
-4.671554990252203652e+02 3.452334065755210304e+02 2.000000000000000000e+02
-4.732909370541917156e+02 3.414598592122397918e+02 2.000000000000000000e+02
-4.344810564796474637e+02 3.404730784098309755e+02 2.000000000000000000e+02
-4.448135068377203538e+02 3.400798970540366781e+02 2.000000000000000000e+02
-4.570550209164964031e+02 3.380546264648439774e+02 2.000000000000000000e+02
-4.669396563331631000e+02 3.349384033203127160e+02 2.000000000000000000e+02
-4.410261980812099409e+02 3.341273142496747255e+02 2.000000000000000000e+02
-4.586610328793870508e+02 3.311475667317710645e+02 2.000000000000000000e+02
-4.495719215512620508e+02 3.309993509928387994e+02 2.000000000000000000e+02
