-7.869562988281263927e+01 -1.830714517017377148e+02 1.000000000000000000e+02
-8.780963134765639211e+01 -1.828551003833783568e+02 1.000000000000000000e+02
-9.634370930989598492e+01 -1.860681456307742110e+02 1.000000000000000000e+02
-7.039863077799492430e+01 -1.868003640552533398e+02 1.000000000000000000e+02
-8.025242919921889495e+01 -1.901484495858523189e+02 1.000000000000000000e+02
-1.029452657063803542e+02 -1.923968118091596011e+02 1.000000000000000000e+02
-6.403563435872409570e+01 -1.933795531014773132e+02 1.000000000000000000e+02
-9.247063191731785992e+01 -1.922867674569460519e+02 1.000000000000000000e+02
-7.016610107421888642e+01 -1.973684752206179382e+02 1.000000000000000000e+02
-8.205626831054701142e+01 -1.980765908618939761e+02 1.000000000000000000e+02
-1.067244567871095171e+02 -2.006788369556439875e+02 1.000000000000000000e+02
-6.083457438151054930e+01 -2.019354958911908682e+02 1.000000000000000000e+02
-9.962384236653659286e+01 -2.023837055266075140e+02 1.000000000000000000e+02
-8.385641276041680214e+01 -2.059995441496544117e+02 1.000000000000000000e+02
-1.069088694254558618e+02 -2.097968392749799307e+02 1.000000000000000000e+02
-6.807169189453138358e+01 -2.095595874846153492e+02 1.000000000000000000e+02
-6.103458862304701427e+01 -2.110744312346153322e+02 1.000000000000000000e+02
-7.950576375325535139e+01 -2.128711556812299364e+02 1.000000000000000000e+02
-9.754025675455741862e+01 -2.145742145598106561e+02 1.000000000000000000e+02
-1.036756947835287832e+02 -2.183477619230918947e+02 1.000000000000000000e+02
-6.486581420898451711e+01 -2.193345427255007394e+02 1.000000000000000000e+02
-7.519826456705742146e+01 -2.197277240812950367e+02 1.000000000000000000e+02
-8.743977864583348492e+01 -2.217529946704877375e+02 1.000000000000000000e+02
-9.732441406250013927e+01 -2.248692178150189989e+02 1.000000000000000000e+02
-7.141095581054700858e+01 -2.256803068856569894e+02 1.000000000000000000e+02
-8.904579060872410423e+01 -2.286600544035606504e+02 1.000000000000000000e+02
-7.995667928059910423e+01 -2.288082701424929439e+02 1.000000000000000000e+02
