-7.869562988281244031e+01 3.365437905689254308e+02 1.000000000000000000e+02
-8.780963134765619316e+01 3.367601418872848171e+02 1.000000000000000000e+02
-9.634370930989578596e+01 3.335470966398889345e+02 1.000000000000000000e+02
-7.039863077799472535e+01 3.328148782154098058e+02 1.000000000000000000e+02
-8.025242919921869600e+01 3.294667926848107982e+02 1.000000000000000000e+02
-1.029452657063801553e+02 3.272184304615035444e+02 1.000000000000000000e+02
-6.403563435872389675e+01 3.262356891691858323e+02 1.000000000000000000e+02
-9.247063191731766096e+01 3.273284748137170936e+02 1.000000000000000000e+02
-7.016610107421868747e+01 3.222467670500452073e+02 1.000000000000000000e+02
-8.205626831054681247e+01 3.215386514087691694e+02 1.000000000000000000e+02
-1.067244567871093182e+02 3.189364053150191580e+02 1.000000000000000000e+02
-6.083457438151035035e+01 3.176797463794723058e+02 1.000000000000000000e+02
-9.962384236653639391e+01 3.172315367440556315e+02 1.000000000000000000e+02
-8.385641276041660319e+01 3.136156981210087338e+02 1.000000000000000000e+02
-1.069088694254556628e+02 3.098184029956832433e+02 1.000000000000000000e+02
-6.807169189453118463e+01 3.100556547860477963e+02 1.000000000000000000e+02
-6.103458862304681531e+01 3.085408110360477849e+02 1.000000000000000000e+02
-7.950576375325515244e+01 3.067440865894332092e+02 1.000000000000000000e+02
-9.754025675455721967e+01 3.050410277108525179e+02 1.000000000000000000e+02
-1.036756947835285843e+02 3.012674803475712224e+02 1.000000000000000000e+02
-6.486581420898431816e+01 3.002806995451624061e+02 1.000000000000000000e+02
-7.519826456705722251e+01 2.998875181893681088e+02 1.000000000000000000e+02
-8.743977864583328596e+01 2.978622476001754080e+02 1.000000000000000000e+02
-9.732441406249994031e+01 2.947460244556441467e+02 1.000000000000000000e+02
-7.141095581054680963e+01 2.939349353850061561e+02 1.000000000000000000e+02
-8.904579060872390528e+01 2.909551878671024951e+02 1.000000000000000000e+02
-7.995667928059890528e+01 2.908069721281701732e+02 1.000000000000000000e+02
