2.213043701171872613e+02 -1.830714517017379421e+02 1.000000000000000000e+02
2.121903686523435226e+02 -1.828551003833785842e+02 1.000000000000000000e+02
2.036562906901039298e+02 -1.860681456307744384e+02 1.000000000000000000e+02
2.296013692220049904e+02 -1.868003640552535671e+02 1.000000000000000000e+02
2.197475708007810340e+02 -1.901484495858525463e+02 1.000000000000000000e+02
1.970547342936195605e+02 -1.923968118091598285e+02 1.000000000000000000e+02
2.359643656412758332e+02 -1.933795531014775406e+02 1.000000000000000000e+02
2.075293680826820548e+02 -1.922867674569462793e+02 1.000000000000000000e+02
2.298338989257810283e+02 -1.973684752206181656e+02 1.000000000000000000e+02
2.179437316894529033e+02 -1.980765908618942035e+02 1.000000000000000000e+02
1.932755432128903976e+02 -2.006788369556442149e+02 1.000000000000000000e+02
2.391654256184893654e+02 -2.019354958911910956e+02 1.000000000000000000e+02
2.003761576334633219e+02 -2.023837055266077414e+02 1.000000000000000000e+02
2.161435872395830984e+02 -2.059995441496546391e+02 1.000000000000000000e+02
1.930911305745440529e+02 -2.097968392749801581e+02 1.000000000000000000e+02
2.319283081054685454e+02 -2.095595874846155766e+02 1.000000000000000000e+02
2.389654113769528863e+02 -2.110744312346155596e+02 1.000000000000000000e+02
2.204942362467445491e+02 -2.128711556812301637e+02 1.000000000000000000e+02
2.024597432454424961e+02 -2.145742145598108834e+02 1.000000000000000000e+02
1.963243052164711457e+02 -2.183477619230921221e+02 1.000000000000000000e+02
2.351341857910153976e+02 -2.193345427255009668e+02 1.000000000000000000e+02
2.248017354329425075e+02 -2.197277240812952641e+02 1.000000000000000000e+02
2.125602213541664298e+02 -2.217529946704879649e+02 1.000000000000000000e+02
2.026755859374997613e+02 -2.248692178150192262e+02 1.000000000000000000e+02
2.285890441894529204e+02 -2.256803068856572168e+02 1.000000000000000000e+02
2.109542093912758105e+02 -2.286600544035608777e+02 1.000000000000000000e+02
2.200433207194008105e+02 -2.288082701424931713e+02 1.000000000000000000e+02
