3.311119912525189761e+02 -7.326383056640638358e+01 1.000000000000000000e+02
3.219979897876752375e+02 -7.304747924804701142e+01 1.000000000000000000e+02
3.134639118254356731e+02 -7.626052449544285139e+01 1.000000000000000000e+02
3.394089903573367337e+02 -7.699274291992200858e+01 1.000000000000000000e+02
3.295551919361127489e+02 -8.034082845052097355e+01 1.000000000000000000e+02
3.068623554289512754e+02 -8.258919067382826995e+01 1.000000000000000000e+02
3.457719867766075481e+02 -8.357193196614598207e+01 1.000000000000000000e+02
3.173369892180137981e+02 -8.247914632161472070e+01 1.000000000000000000e+02
3.396415200611127148e+02 -8.756085408528659286e+01 1.000000000000000000e+02
3.277513528247845898e+02 -8.826896972656263074e+01 1.000000000000000000e+02
3.030831643482221125e+02 -9.087121582031264211e+01 1.000000000000000000e+02
3.489730467538211087e+02 -9.212787475585952279e+01 1.000000000000000000e+02
3.101837787687950367e+02 -9.257608439127616862e+01 1.000000000000000000e+02
3.259512083749148132e+02 -9.619192301432305214e+01 1.000000000000000000e+02
3.028987517098757394e+02 -9.998921813964858529e+01 1.000000000000000000e+02
3.417359292408002602e+02 -9.975196634928400385e+01 1.000000000000000000e+02
3.487730325122846011e+02 -1.012668100992839868e+02 1.000000000000000000e+02
3.303018573820762640e+02 -1.030635345458985768e+02 1.000000000000000000e+02
3.122673643807742110e+02 -1.047665934244793107e+02 1.000000000000000000e+02
3.061319263518028606e+02 -1.085401407877605493e+02 1.000000000000000000e+02
3.449418069263471125e+02 -1.095269215901694082e+02 1.000000000000000000e+02
3.346093565682742224e+02 -1.099201029459636914e+02 1.000000000000000000e+02
3.223678424894981731e+02 -1.119453735351563921e+02 1.000000000000000000e+02
3.124832070728314761e+02 -1.150615966796876393e+02 1.000000000000000000e+02
3.383966653247846352e+02 -1.158726857503256582e+02 1.000000000000000000e+02
3.207618305266075254e+02 -1.188524332682293050e+02 1.000000000000000000e+02
3.298509418547325254e+02 -1.190006490071615985e+02 1.000000000000000000e+02
