5.909196123878505205e+02 -2.232638305664065115e+02 2.000000000000000000e+02
5.818056109230067250e+02 -2.230474792480471535e+02 2.000000000000000000e+02
5.732715329607671038e+02 -2.262605244954430077e+02 2.000000000000000000e+02
5.992166114926682212e+02 -2.269927429199221365e+02 2.000000000000000000e+02
5.893628130714441795e+02 -2.303408284505211157e+02 2.000000000000000000e+02
5.666699765642828197e+02 -2.325891906738283978e+02 2.000000000000000000e+02
6.055796079119389788e+02 -2.335719319661461100e+02 2.000000000000000000e+02
5.771446103533452288e+02 -2.324791463216148486e+02 2.000000000000000000e+02
5.994491411964442023e+02 -2.375608540852867350e+02 2.000000000000000000e+02
5.875589739601160773e+02 -2.382689697265627728e+02 2.000000000000000000e+02
5.628907854835536000e+02 -2.408712158203127842e+02 2.000000000000000000e+02
6.087806678891525962e+02 -2.421278747558596649e+02 2.000000000000000000e+02
5.699913999041265242e+02 -2.425760843912763107e+02 2.000000000000000000e+02
5.857588295102463007e+02 -2.461919230143232085e+02 2.000000000000000000e+02
5.627063728452072837e+02 -2.499892181396487274e+02 2.000000000000000000e+02
6.015435503761317477e+02 -2.497519663492841460e+02 2.000000000000000000e+02
6.085806536476161455e+02 -2.512668100992841289e+02 2.000000000000000000e+02
5.901094785174077515e+02 -2.530635345458987331e+02 2.000000000000000000e+02
5.720749855161056985e+02 -2.547665934244794528e+02 2.000000000000000000e+02
5.659395474871342913e+02 -2.585401407877607198e+02 2.000000000000000000e+02
6.047494280616786000e+02 -2.595269215901695361e+02 2.000000000000000000e+02
5.944169777036056530e+02 -2.599201029459638335e+02 2.000000000000000000e+02
5.821754636248296038e+02 -2.619453735351565342e+02 2.000000000000000000e+02
5.722908282081630205e+02 -2.650615966796877956e+02 2.000000000000000000e+02
5.982042864601161227e+02 -2.658726857503257861e+02 2.000000000000000000e+02
5.805694516619389560e+02 -2.688524332682294471e+02 2.000000000000000000e+02
5.896585629900639560e+02 -2.690006490071617691e+02 2.000000000000000000e+02
