3.713043701171875455e+02 5.963514117042569751e+02 2.000000000000000000e+02
3.621903686523438068e+02 5.965677630226163046e+02 2.000000000000000000e+02
3.536562906901042425e+02 5.933547177752204789e+02 2.000000000000000000e+02
3.796013692220052462e+02 5.926224993507413501e+02 2.000000000000000000e+02
3.697475708007813182e+02 5.892744138201423993e+02 2.000000000000000000e+02
3.470547342936198447e+02 5.870260515968350319e+02 2.000000000000000000e+02
3.859643656412761175e+02 5.860433103045173766e+02 2.000000000000000000e+02
3.575293680826823675e+02 5.871360959490485811e+02 2.000000000000000000e+02
3.798338989257813409e+02 5.820543881853767516e+02 2.000000000000000000e+02
3.679437316894532159e+02 5.813462725441006569e+02 2.000000000000000000e+02
3.432755432128906818e+02 5.787440264503507024e+02 2.000000000000000000e+02
3.891654256184896212e+02 5.774873675148038501e+02 2.000000000000000000e+02
3.503761576334636061e+02 5.770391578793871759e+02 2.000000000000000000e+02
3.661435872395833826e+02 5.734233192563402781e+02 2.000000000000000000e+02
3.430911305745443087e+02 5.696260241310147876e+02 2.000000000000000000e+02
3.819283081054688296e+02 5.698632759213793406e+02 2.000000000000000000e+02
3.889654113769531705e+02 5.683484321713793861e+02 2.000000000000000000e+02
3.704942362467448334e+02 5.665517077247648103e+02 2.000000000000000000e+02
3.524597432454427803e+02 5.648486488461840054e+02 2.000000000000000000e+02
3.463243052164714300e+02 5.610751014829028236e+02 2.000000000000000000e+02
3.851341857910156818e+02 5.600883206804938936e+02 2.000000000000000000e+02
3.748017354329427917e+02 5.596951393246996531e+02 2.000000000000000000e+02
3.625602213541667425e+02 5.576698687355069524e+02 2.000000000000000000e+02
3.526755859375000455e+02 5.545536455909757478e+02 2.000000000000000000e+02
3.785890441894532046e+02 5.537425565203376436e+02 2.000000000000000000e+02
3.609542093912760947e+02 5.507628090024339826e+02 2.000000000000000000e+02
3.700433207194010947e+02 5.506145932635017743e+02 2.000000000000000000e+02
