-1.885032510181441694e+02 -7.326383056640618463e+01 1.000000000000000000e+02
-1.976172524829879080e+02 -7.304747924804681247e+01 1.000000000000000000e+02
-2.061513304452275008e+02 -7.626052449544265244e+01 1.000000000000000000e+02
-1.802062519133264402e+02 -7.699274291992180963e+01 1.000000000000000000e+02
-1.900600503345503967e+02 -8.034082845052077460e+01 1.000000000000000000e+02
-2.127528868417118701e+02 -8.258919067382807100e+01 1.000000000000000000e+02
-1.738432554940555974e+02 -8.357193196614578312e+01 1.000000000000000000e+02
-2.022782530526493758e+02 -8.247914632161452175e+01 1.000000000000000000e+02
-1.799737222095504023e+02 -8.756085408528639391e+01 1.000000000000000000e+02
-1.918638894458785273e+02 -8.826896972656243179e+01 1.000000000000000000e+02
-2.165320779224410330e+02 -9.087121582031244316e+01 1.000000000000000000e+02
-1.706421955168420652e+02 -9.212787475585932384e+01 1.000000000000000000e+02
-2.094314635018681088e+02 -9.257608439127596967e+01 1.000000000000000000e+02
-1.936640338957483323e+02 -9.619192301432285319e+01 1.000000000000000000e+02
-2.167164905607873777e+02 -9.998921813964838634e+01 1.000000000000000000e+02
-1.778793130298628853e+02 -9.975196634928380490e+01 1.000000000000000000e+02
-1.708422097583785444e+02 -1.012668100992837878e+02 1.000000000000000000e+02
-1.893133848885868815e+02 -1.030635345458983778e+02 1.000000000000000000e+02
-2.073478778898889345e+02 -1.047665934244791117e+02 1.000000000000000000e+02
-2.134833159188602849e+02 -1.085401407877603503e+02 1.000000000000000000e+02
-1.746734353443160330e+02 -1.095269215901692093e+02 1.000000000000000000e+02
-1.850058857023889232e+02 -1.099201029459634924e+02 1.000000000000000000e+02
-1.972473997811650008e+02 -1.119453735351561932e+02 1.000000000000000000e+02
-2.071320351978316694e+02 -1.150615966796874403e+02 1.000000000000000000e+02
-1.812185769458785103e+02 -1.158726857503254593e+02 1.000000000000000000e+02
-1.988534117440556201e+02 -1.188524332682291060e+02 1.000000000000000000e+02
-1.897643004159306201e+02 -1.190006490071613996e+02 1.000000000000000000e+02
