-2.286956298828123977e+02 5.963514117042570888e+02 2.000000000000000000e+02
-2.378096313476561363e+02 5.965677630226164183e+02 2.000000000000000000e+02
-2.463437093098957291e+02 5.933547177752205926e+02 2.000000000000000000e+02
-2.203986307779946685e+02 5.926224993507414638e+02 2.000000000000000000e+02
-2.302524291992186249e+02 5.892744138201425130e+02 2.000000000000000000e+02
-2.529452657063800984e+02 5.870260515968351456e+02 2.000000000000000000e+02
-2.140356343587238257e+02 5.860433103045174903e+02 2.000000000000000000e+02
-2.424706319173176041e+02 5.871360959490486948e+02 2.000000000000000000e+02
-2.201661010742186306e+02 5.820543881853768653e+02 2.000000000000000000e+02
-2.320562683105467556e+02 5.813462725441007706e+02 2.000000000000000000e+02
-2.567244567871092613e+02 5.787440264503508160e+02 2.000000000000000000e+02
-2.108345743815102935e+02 5.774873675148039638e+02 2.000000000000000000e+02
-2.496238423665363371e+02 5.770391578793872895e+02 2.000000000000000000e+02
-2.338564127604165606e+02 5.734233192563403918e+02 2.000000000000000000e+02
-2.569088694254556344e+02 5.696260241310149013e+02 2.000000000000000000e+02
-2.180716918945311136e+02 5.698632759213794543e+02 2.000000000000000000e+02
-2.110345886230467727e+02 5.683484321713794998e+02 2.000000000000000000e+02
-2.295057637532551098e+02 5.665517077247649240e+02 2.000000000000000000e+02
-2.475402567545571628e+02 5.648486488461841191e+02 2.000000000000000000e+02
-2.536756947835285132e+02 5.610751014829029373e+02 2.000000000000000000e+02
-2.148658142089842613e+02 5.600883206804940073e+02 2.000000000000000000e+02
-2.251982645670571515e+02 5.596951393246997668e+02 2.000000000000000000e+02
-2.374397786458332291e+02 5.576698687355070660e+02 2.000000000000000000e+02
-2.473244140624998977e+02 5.545536455909758615e+02 2.000000000000000000e+02
-2.214109558105467386e+02 5.537425565203377573e+02 2.000000000000000000e+02
-2.390457906087238484e+02 5.507628090024340963e+02 2.000000000000000000e+02
-2.299566792805988484e+02 5.506145932635018880e+02 2.000000000000000000e+02
