3.713043701171874886e+02 7.673616943359375853e+01 1.000000000000000000e+02
3.621903686523437500e+02 7.695252075195313068e+01 1.000000000000000000e+02
3.536562906901041856e+02 7.373947550455729072e+01 1.000000000000000000e+02
3.796013692220052462e+02 7.300725708007813353e+01 1.000000000000000000e+02
3.697475708007812614e+02 6.965917154947916856e+01 1.000000000000000000e+02
3.470547342936197879e+02 6.741080932617187216e+01 1.000000000000000000e+02
3.859643656412760606e+02 6.642806803385416003e+01 1.000000000000000000e+02
3.575293680826823106e+02 6.752085367838542140e+01 1.000000000000000000e+02
3.798338989257812273e+02 6.243914591471354214e+01 1.000000000000000000e+02
3.679437316894531023e+02 6.173103027343750426e+01 1.000000000000000000e+02
3.432755432128906250e+02 5.912878417968750000e+01 1.000000000000000000e+02
3.891654256184896212e+02 5.787212524414062642e+01 1.000000000000000000e+02
3.503761576334635492e+02 5.742391560872396639e+01 1.000000000000000000e+02
3.661435872395833258e+02 5.380807698567708997e+01 1.000000000000000000e+02
3.430911305745442519e+02 5.001078186035156392e+01 1.000000000000000000e+02
3.819283081054687727e+02 5.024803365071614536e+01 1.000000000000000000e+02
3.889654113769531136e+02 4.873318990071614820e+01 1.000000000000000000e+02
3.704942362467447765e+02 4.693646545410156534e+01 1.000000000000000000e+02
3.524597432454427235e+02 4.523340657552083144e+01 1.000000000000000000e+02
3.463243052164713731e+02 4.145985921223958570e+01 1.000000000000000000e+02
3.851341857910156250e+02 4.047307840983073390e+01 1.000000000000000000e+02
3.748017354329427349e+02 4.007989705403645786e+01 1.000000000000000000e+02
3.625602213541666856e+02 3.805462646484375000e+01 1.000000000000000000e+02
3.526755859374999886e+02 3.493840332031250284e+01 1.000000000000000000e+02
3.785890441894531477e+02 3.412731424967448390e+01 1.000000000000000000e+02
3.609542093912760379e+02 3.114756673177083357e+01 1.000000000000000000e+02
3.700433207194010379e+02 3.099935099283854356e+01 1.000000000000000000e+02
