-2.286956298828127956e+02 -4.428790728370692023e+02 2.000000000000000000e+02
-2.378096313476565342e+02 -4.426627215187098727e+02 2.000000000000000000e+02
-2.463437093098961270e+02 -4.458757667661056985e+02 2.000000000000000000e+02
-2.203986307779950664e+02 -4.466079851905848273e+02 2.000000000000000000e+02
-2.302524291992190228e+02 -4.499560707211837780e+02 2.000000000000000000e+02
-2.529452657063804963e+02 -4.522044329444910886e+02 2.000000000000000000e+02
-2.140356343587242236e+02 -4.531871742368088007e+02 2.000000000000000000e+02
-2.424706319173180020e+02 -4.520943885922775394e+02 2.000000000000000000e+02
-2.201661010742190285e+02 -4.571760963559494257e+02 2.000000000000000000e+02
-2.320562683105471535e+02 -4.578842119972254636e+02 2.000000000000000000e+02
-2.567244567871096592e+02 -4.604864580909754750e+02 2.000000000000000000e+02
-2.108345743815106914e+02 -4.617431170265223273e+02 2.000000000000000000e+02
-2.496238423665367350e+02 -4.621913266619390015e+02 2.000000000000000000e+02
-2.338564127604169585e+02 -4.658071652849858992e+02 2.000000000000000000e+02
-2.569088694254560323e+02 -4.696044604103113898e+02 2.000000000000000000e+02
-2.180716918945315115e+02 -4.693672086199468367e+02 2.000000000000000000e+02
-2.110345886230471706e+02 -4.708820523699468481e+02 2.000000000000000000e+02
-2.295057637532555077e+02 -4.726787768165614239e+02 2.000000000000000000e+02
-2.475402567545575607e+02 -4.743818356951421720e+02 2.000000000000000000e+02
-2.536756947835289111e+02 -4.781553830584234106e+02 2.000000000000000000e+02
-2.148658142089846592e+02 -4.791421638608322269e+02 2.000000000000000000e+02
-2.251982645670575494e+02 -4.795353452166265242e+02 2.000000000000000000e+02
-2.374397786458336270e+02 -4.815606158058192250e+02 2.000000000000000000e+02
-2.473244140625002956e+02 -4.846768389503504864e+02 2.000000000000000000e+02
-2.214109558105471365e+02 -4.854879280209884769e+02 2.000000000000000000e+02
-2.390457906087242463e+02 -4.884676755388921379e+02 2.000000000000000000e+02
-2.299566792805992463e+02 -4.886158912778244030e+02 2.000000000000000000e+02
