3.713043701171870339e+02 -4.428790728370696570e+02 2.000000000000000000e+02
3.621903686523432953e+02 -4.426627215187103275e+02 2.000000000000000000e+02
3.536562906901037309e+02 -4.458757667661061532e+02 2.000000000000000000e+02
3.796013692220047915e+02 -4.466079851905852820e+02 2.000000000000000000e+02
3.697475708007808066e+02 -4.499560707211842328e+02 2.000000000000000000e+02
3.470547342936193331e+02 -4.522044329444915434e+02 2.000000000000000000e+02
3.859643656412756059e+02 -4.531871742368092555e+02 2.000000000000000000e+02
3.575293680826818559e+02 -4.520943885922779941e+02 2.000000000000000000e+02
3.798338989257807725e+02 -4.571760963559498805e+02 2.000000000000000000e+02
3.679437316894526475e+02 -4.578842119972259184e+02 2.000000000000000000e+02
3.432755432128901703e+02 -4.604864580909759297e+02 2.000000000000000000e+02
3.891654256184891665e+02 -4.617431170265227820e+02 2.000000000000000000e+02
3.503761576334630945e+02 -4.621913266619394562e+02 2.000000000000000000e+02
3.661435872395828710e+02 -4.658071652849863540e+02 2.000000000000000000e+02
3.430911305745437971e+02 -4.696044604103118445e+02 2.000000000000000000e+02
3.819283081054683180e+02 -4.693672086199472915e+02 2.000000000000000000e+02
3.889654113769526589e+02 -4.708820523699473029e+02 2.000000000000000000e+02
3.704942362467443218e+02 -4.726787768165618786e+02 2.000000000000000000e+02
3.524597432454422687e+02 -4.743818356951426267e+02 2.000000000000000000e+02
3.463243052164709184e+02 -4.781553830584238654e+02 2.000000000000000000e+02
3.851341857910151703e+02 -4.791421638608326816e+02 2.000000000000000000e+02
3.748017354329422801e+02 -4.795353452166269790e+02 2.000000000000000000e+02
3.625602213541662309e+02 -4.815606158058196797e+02 2.000000000000000000e+02
3.526755859374995339e+02 -4.846768389503509411e+02 2.000000000000000000e+02
3.785890441894526930e+02 -4.854879280209889316e+02 2.000000000000000000e+02
3.609542093912755831e+02 -4.884676755388925926e+02 2.000000000000000000e+02
3.700433207194005831e+02 -4.886158912778248578e+02 2.000000000000000000e+02
