-5.286956298828124545e+02 7.673616943359382958e+01 2.000000000000000000e+02
-5.378096313476562500e+02 7.695252075195320174e+01 2.000000000000000000e+02
-5.463437093098958712e+02 7.373947550455736177e+01 2.000000000000000000e+02
-5.203986307779947538e+02 7.300725708007820458e+01 2.000000000000000000e+02
-5.302524291992187955e+02 6.965917154947923962e+01 2.000000000000000000e+02
-5.529452657063801553e+02 6.741080932617194321e+01 2.000000000000000000e+02
-5.140356343587239962e+02 6.642806803385423109e+01 2.000000000000000000e+02
-5.424706319173177462e+02 6.752085367838549246e+01 2.000000000000000000e+02
-5.201661010742187727e+02 6.243914591471361319e+01 2.000000000000000000e+02
-5.320562683105468977e+02 6.173103027343757532e+01 2.000000000000000000e+02
-5.567244567871093750e+02 5.912878417968757105e+01 2.000000000000000000e+02
-5.108345743815103788e+02 5.787212524414069748e+01 2.000000000000000000e+02
-5.496238423665364508e+02 5.742391560872403744e+01 2.000000000000000000e+02
-5.338564127604166742e+02 5.380807698567716102e+01 2.000000000000000000e+02
-5.569088694254556913e+02 5.001078186035163498e+01 2.000000000000000000e+02
-5.180716918945312273e+02 5.024803365071621641e+01 2.000000000000000000e+02
-5.110345886230468864e+02 4.873318990071621926e+01 2.000000000000000000e+02
-5.295057637532552235e+02 4.693646545410163640e+01 2.000000000000000000e+02
-5.475402567545572765e+02 4.523340657552090249e+01 2.000000000000000000e+02
-5.536756947835286837e+02 4.145985921223965676e+01 2.000000000000000000e+02
-5.148658142089843750e+02 4.047307840983080496e+01 2.000000000000000000e+02
-5.251982645670573220e+02 4.007989705403652891e+01 2.000000000000000000e+02
-5.374397786458333712e+02 3.805462646484382105e+01 2.000000000000000000e+02
-5.473244140624999545e+02 3.493840332031257390e+01 2.000000000000000000e+02
-5.214109558105468523e+02 3.412731424967455496e+01 2.000000000000000000e+02
-5.390457906087240190e+02 3.114756673177090818e+01 2.000000000000000000e+02
-5.299566792805990190e+02 3.099935099283861817e+01 2.000000000000000000e+02
