7.130437011718744600e+01 -2.232638305664062273e+02 1.000000000000000000e+02
6.219036865234369316e+01 -2.230474792480468693e+02 1.000000000000000000e+02
5.365629069010410745e+01 -2.262605244954427235e+02 1.000000000000000000e+02
7.960136922200516096e+01 -2.269927429199218523e+02 1.000000000000000000e+02
6.974757080078119031e+01 -2.303408284505208314e+02 1.000000000000000000e+02
4.705473429361973814e+01 -2.325891906738281136e+02 1.000000000000000000e+02
8.596436564127598956e+01 -2.335719319661458258e+02 1.000000000000000000e+02
5.752936808268223245e+01 -2.324791463216145644e+02 1.000000000000000000e+02
7.983389892578119884e+01 -2.375608540852864508e+02 1.000000000000000000e+02
6.794373168945307384e+01 -2.382689697265624886e+02 1.000000000000000000e+02
4.327554321289056816e+01 -2.408712158203125000e+02 1.000000000000000000e+02
8.916542561848953596e+01 -2.421278747558593807e+02 1.000000000000000000e+02
5.037615763346349240e+01 -2.425760843912760265e+02 1.000000000000000000e+02
6.614358723958328312e+01 -2.461919230143229242e+02 1.000000000000000000e+02
4.309113057454421636e+01 -2.499892181396484432e+02 1.000000000000000000e+02
8.192830810546870168e+01 -2.497519663492838617e+02 1.000000000000000000e+02
8.896541137695307100e+01 -2.512668100992838447e+02 1.000000000000000000e+02
7.049423624674473388e+01 -2.530635345458984489e+02 1.000000000000000000e+02
5.245974324544265954e+01 -2.547665934244791686e+02 1.000000000000000000e+02
4.632430521647130206e+01 -2.585401407877604356e+02 1.000000000000000000e+02
8.513418579101556816e+01 -2.595269215901692519e+02 1.000000000000000000e+02
7.480173543294266381e+01 -2.599201029459635492e+02 1.000000000000000000e+02
6.256022135416660745e+01 -2.619453735351562500e+02 1.000000000000000000e+02
5.267558593749994600e+01 -2.650615966796875114e+02 1.000000000000000000e+02
7.858904418945307668e+01 -2.658726857503255019e+02 1.000000000000000000e+02
6.095420939127598103e+01 -2.688524332682291629e+02 1.000000000000000000e+02
7.004332071940098103e+01 -2.690006490071614280e+02 1.000000000000000000e+02
