7.130437011718751705e+01 3.767361694335937727e+02 1.000000000000000000e+02
6.219036865234377132e+01 3.769525207519531023e+02 1.000000000000000000e+02
5.365629069010418561e+01 3.737394755045572765e+02 1.000000000000000000e+02
7.960136922200523202e+01 3.730072570800781477e+02 1.000000000000000000e+02
6.974757080078126137e+01 3.696591715494791970e+02 1.000000000000000000e+02
4.705473429361981630e+01 3.674108093261718864e+02 1.000000000000000000e+02
8.596436564127606061e+01 3.664280680338541742e+02 1.000000000000000000e+02
5.752936808268231061e+01 3.675208536783854356e+02 1.000000000000000000e+02
7.983389892578126990e+01 3.624391459147135492e+02 1.000000000000000000e+02
6.794373168945314490e+01 3.617310302734375114e+02 1.000000000000000000e+02
4.327554321289064632e+01 3.591287841796875000e+02 1.000000000000000000e+02
8.916542561848960702e+01 3.578721252441406477e+02 1.000000000000000000e+02
5.037615763346357056e+01 3.574239156087239735e+02 1.000000000000000000e+02
6.614358723958335418e+01 3.538080769856770758e+02 1.000000000000000000e+02
4.309113057454429452e+01 3.500107818603515852e+02 1.000000000000000000e+02
8.192830810546877274e+01 3.502480336507161383e+02 1.000000000000000000e+02
8.896541137695314205e+01 3.487331899007161269e+02 1.000000000000000000e+02
7.049423624674480493e+01 3.469364654541015511e+02 1.000000000000000000e+02
5.245974324544273770e+01 3.452334065755208030e+02 1.000000000000000000e+02
4.632430521647138022e+01 3.414598592122395644e+02 1.000000000000000000e+02
8.513418579101563921e+01 3.404730784098307481e+02 1.000000000000000000e+02
7.480173543294273486e+01 3.400798970540364508e+02 1.000000000000000000e+02
6.256022135416668561e+01 3.380546264648437500e+02 1.000000000000000000e+02
5.267558593750002416e+01 3.349384033203124886e+02 1.000000000000000000e+02
7.858904418945314774e+01 3.341273142496744981e+02 1.000000000000000000e+02
6.095420939127605919e+01 3.311475667317708371e+02 1.000000000000000000e+02
7.004332071940105209e+01 3.309993509928385720e+02 1.000000000000000000e+02
