6.713043701171875455e+02 7.673616943359375853e+01 2.000000000000000000e+02
6.621903686523437500e+02 7.695252075195313068e+01 2.000000000000000000e+02
6.536562906901041288e+02 7.373947550455729072e+01 2.000000000000000000e+02
6.796013692220052462e+02 7.300725708007813353e+01 2.000000000000000000e+02
6.697475708007812045e+02 6.965917154947916856e+01 2.000000000000000000e+02
6.470547342936198447e+02 6.741080932617187216e+01 2.000000000000000000e+02
6.859643656412760038e+02 6.642806803385416003e+01 2.000000000000000000e+02
6.575293680826822538e+02 6.752085367838542140e+01 2.000000000000000000e+02
6.798338989257812273e+02 6.243914591471354214e+01 2.000000000000000000e+02
6.679437316894531023e+02 6.173103027343750426e+01 2.000000000000000000e+02
6.432755432128906250e+02 5.912878417968750000e+01 2.000000000000000000e+02
6.891654256184896212e+02 5.787212524414062642e+01 2.000000000000000000e+02
6.503761576334635492e+02 5.742391560872396639e+01 2.000000000000000000e+02
6.661435872395833258e+02 5.380807698567708997e+01 2.000000000000000000e+02
6.430911305745443087e+02 5.001078186035156392e+01 2.000000000000000000e+02
6.819283081054687727e+02 5.024803365071614536e+01 2.000000000000000000e+02
6.889654113769531705e+02 4.873318990071614820e+01 2.000000000000000000e+02
6.704942362467447765e+02 4.693646545410156534e+01 2.000000000000000000e+02
6.524597432454427235e+02 4.523340657552083144e+01 2.000000000000000000e+02
6.463243052164713163e+02 4.145985921223958570e+01 2.000000000000000000e+02
6.851341857910156250e+02 4.047307840983073390e+01 2.000000000000000000e+02
6.748017354329426780e+02 4.007989705403645786e+01 2.000000000000000000e+02
6.625602213541666288e+02 3.805462646484375000e+01 2.000000000000000000e+02
6.526755859375000455e+02 3.493840332031250284e+01 2.000000000000000000e+02
6.785890441894531477e+02 3.412731424967448390e+01 2.000000000000000000e+02
6.609542093912759810e+02 3.114756673177083357e+01 2.000000000000000000e+02
6.700433207194009810e+02 3.099935099283854356e+01 2.000000000000000000e+02
